K = [1197, 0,      466.19;
    0,     1199.1, 314.13;
    0,     0,      1];