K = [    1653.5         0    0982.7;
         0    1655.3    0725.4;
		0.0				   0.0 		1.0			 ];

