 K = [130.5024      0  500.0005
          0  130.5024  372.3164
          0         0    1.0000];
